"filename", "language", "C#", "comment", "blank", "total"
"c:\Users\danie\Desktop\symfonia-mistrzow-game\Assets\Scripts\Commands\Command.cs", "C#", 25, 0, 7, 32
"c:\Users\danie\Desktop\symfonia-mistrzow-game\Assets\Scripts\Commands\CommandExecutor.cs", "C#", 5, 3, 1, 9
"c:\Users\danie\Desktop\symfonia-mistrzow-game\Assets\Scripts\Commands\CommandFactory.cs", "C#", 1, 0, 0, 1
"c:\Users\danie\Desktop\symfonia-mistrzow-game\Assets\Scripts\Commands\CommandQueue.cs", "C#", 24, 4, 3, 31
"c:\Users\danie\Desktop\symfonia-mistrzow-game\Assets\Scripts\Commands\CommandService.cs", "C#", 19, 9, 3, 31
"c:\Users\danie\Desktop\symfonia-mistrzow-game\Assets\Scripts\Commands\GameUICommand.cs", "C#", 4, 0, 0, 4
"c:\Users\danie\Desktop\symfonia-mistrzow-game\Assets\Scripts\Data\PlayerAvatarsData.cs", "C#", 12, 0, 2, 14
"c:\Users\danie\Desktop\symfonia-mistrzow-game\Assets\Scripts\Events\GameEvents.cs", "C#", 2, 0, 0, 2
"c:\Users\danie\Desktop\symfonia-mistrzow-game\Assets\Scripts\Events\UIEvents.cs", "C#", 25, 0, 2, 27
"c:\Users\danie\Desktop\symfonia-mistrzow-game\Assets\Scripts\Managers\GameManager.cs", "C#", 2, 0, 0, 2
"c:\Users\danie\Desktop\symfonia-mistrzow-game\Assets\Scripts\Models\GameConfig.cs", "C#", 3, 0, 0, 3
"c:\Users\danie\Desktop\symfonia-mistrzow-game\Assets\Scripts\Models\PlayerModel.cs", "C#", 3, 0, 0, 3
"c:\Users\danie\Desktop\symfonia-mistrzow-game\Assets\Scripts\Services\ConfigService.cs", "C#", 11, 0, 2, 13
"c:\Users\danie\Desktop\symfonia-mistrzow-game\Assets\Scripts\Services\PlayerService.cs", "C#", 5, 0, 1, 6
"c:\Users\danie\Desktop\symfonia-mistrzow-game\Assets\Scripts\UI\Board\BoardPlayerPanel\BoardPlayerPanelSingleResource\BoardPlayerPanelSingleResourcePresenter.cs", "C#", 75, 0, 15, 90
"c:\Users\danie\Desktop\symfonia-mistrzow-game\Assets\Scripts\UI\Board\BoardPlayerPanel\BoardPlayerPanelSingleResource\BoardPlayerPanelSingleResourceView.cs", "C#", 71, 0, 11, 82
"c:\Users\danie\Desktop\symfonia-mistrzow-game\Assets\Scripts\UI\Board\BoardPlayerPanel\BoardPlayerPanelSingleResource\BoardPlayerPanelSingleResourceViewModel.cs", "C#", 29, 0, 6, 35
"c:\Users\danie\Desktop\symfonia-mistrzow-game\Assets\Scripts\UI\Board\BoardPlayerPanel\BoardPlayersPanelPresenter.cs", "C#", 15, 0, 2, 17
"c:\Users\danie\Desktop\symfonia-mistrzow-game\Assets\Scripts\UI\Board\BoardPlayerPanel\BoardPlayersPanelView.cs", "C#", 4, 0, 0, 4
"c:\Users\danie\Desktop\symfonia-mistrzow-game\Assets\Scripts\UI\Board\BoardToken\BoardTokenPresenter.cs", "C#", 20, 0, 0, 20
"c:\Users\danie\Desktop\symfonia-mistrzow-game\Assets\Scripts\UI\Board\BoardView.cs", "C#", 2, 0, 1, 3
"c:\Users\danie\Desktop\symfonia-mistrzow-game\Assets\Scripts\UI\CreateGameWindow\SinglePlayerElement.cs", "C#", 3, 0, 0, 3
"c:\Users\danie\Desktop\symfonia-mistrzow-game\Assets\Scripts\UI\CreatePlayerWindow\CreatePlayerWindowPresenter.cs", "C#", 14, 0, 1, 15
"c:\Users\danie\Desktop\symfonia-mistrzow-game\Assets\Scripts\UI\CreatePlayerWindow\CreatePlayerWindowView.cs", "C#", 39, 0, 3, 42
"c:\Users\danie\Desktop\symfonia-mistrzow-game\Assets\Scripts\UI\CreatePlayerWindow\CreatePlayerWindowViewModel.cs", "C#", 16, 0, 3, 19
"c:\Users\danie\Desktop\symfonia-mistrzow-game\Assets\Scripts\UI\CreatePlayerWindow\PlayerImageElement.cs", "C#", 10, 0, 4, 14
"c:\Users\danie\Desktop\symfonia-mistrzow-game\Assets\Scripts\UI\Elements\UniversalPlayerResourceElement.cs", "C#", 8, 0, 3, 11
"c:\Users\danie\Desktop\symfonia-mistrzow-game\Assets\Scripts\UI\Elements\UniversalTokenElement.cs", "C#", 11, 0, 2, 13
"c:\Users\danie\Desktop\symfonia-mistrzow-game\Assets\Scripts\UI\PlayerResourcesWindow\PlayerResourcesWindowPresenter.cs", "C#", 2, 0, 0, 2
"c:\Users\danie\Desktop\symfonia-mistrzow-game\Assets\Scripts\UI\PlayerResourcesWindow\PlayerResourcesWindowView.cs", "C#", 13, 0, 1, 14
"c:\Users\danie\Desktop\symfonia-mistrzow-game\Assets\Scripts\UI\SelectTokenWindow\ChoosenBoardTokenPanel\ChoosenBoardTokenPanelPresenter.cs", "C#", -41, 0, -3, -44
"c:\Users\danie\Desktop\symfonia-mistrzow-game\Assets\Scripts\UI\SelectTokenWindow\ChoosenBoardTokenPanel\ChoosenBoardTokenPanelViewModel.cs", "C#", -34, 0, -10, -44
"c:\Users\danie\Desktop\symfonia-mistrzow-game\Assets\Scripts\UI\SelectTokenWindow\SelectBoardTokenPanel\SelectBoardTokenPanelPresenter.cs", "C#", -80, 0, -18, -98
"c:\Users\danie\Desktop\symfonia-mistrzow-game\Assets\Scripts\UI\SelectTokenWindow\SelectBoardTokenPanel\SelectBoardTokenPanelView.cs", "C#", -10, 0, -1, -11
"c:\Users\danie\Desktop\symfonia-mistrzow-game\Assets\Scripts\UI\SelectTokenWindow\SelectBoardTokenPanel\SelectBoardTokenPanelViewModel.cs", "C#", -26, 0, -5, -31
"c:\Users\danie\Desktop\symfonia-mistrzow-game\Assets\Scripts\UI\SelectTokenWindow\SelectBoardTokenPanel\SelectSingleToken\SelectSingleTokenPresenter.cs", "C#", -120, -1, -17, -138
"c:\Users\danie\Desktop\symfonia-mistrzow-game\Assets\Scripts\UI\SelectTokenWindow\SelectBoardTokenPanel\SelectSingleToken\SelectSingleTokenView.cs", "C#", -56, -6, -11, -73
"c:\Users\danie\Desktop\symfonia-mistrzow-game\Assets\Scripts\UI\SelectTokenWindow\SelectBoardTokenPanel\SelectSingleToken\SelectSingleTokenViewModel.cs", "C#", -67, 0, -12, -79
"c:\Users\danie\Desktop\symfonia-mistrzow-game\Assets\Scripts\UI\SelectTokenWindow\SelectBoardToken\SelectBoardTokenPresenter.cs", "C#", 80, 0, 13, 93
"c:\Users\danie\Desktop\symfonia-mistrzow-game\Assets\Scripts\UI\SelectTokenWindow\SelectBoardToken\SelectBoardTokenViewModel.cs", "C#", 12, 0, 2, 14
"c:\Users\danie\Desktop\symfonia-mistrzow-game\Assets\Scripts\UI\SelectTokenWindow\SelectTokenWindowOpenAnimation.cs", "C#", 24, 0, 5, 29
"c:\Users\danie\Desktop\symfonia-mistrzow-game\Assets\Scripts\UI\SelectTokenWindow\SelectTokenWindowPresenter.cs", "C#", -25, 0, -2, -27
"c:\Users\danie\Desktop\symfonia-mistrzow-game\Assets\Scripts\UI\SelectTokenWindow\SelectTokenWindowView.cs", "C#", 10, 0, 1, 11
"c:\Users\danie\Desktop\symfonia-mistrzow-game\Assets\Scripts\UI\SelectTokenWindow\SelectTokenWindowViewModel.cs", "C#", -55, 0, -11, -66
"c:\Users\danie\Desktop\symfonia-mistrzow-game\Assets\Scripts\UI\StartPageWindow\StartPagePresenter.cs", "C#", -4, 0, -2, -6
"c:\Users\danie\Desktop\symfonia-mistrzow-game\Assets\Scripts\UI\StartPageWindow\StartPageView.cs", "C#", -4, 0, -1, -5
"c:\Users\danie\Desktop\symfonia-mistrzow-game\Assets\Scripts\UI\StartTurnWindow\StartTurnWindowPresenter.cs", "C#", -1, 0, 0, -1
"c:\Users\danie\Desktop\symfonia-mistrzow-game\Assets\Scripts\UI\StartTurnWindow\StartTurnWindowView.cs", "C#", 12, 0, 2, 14
"Total", "-", 88, 9, 3, 100