"filename", "language", "JSON", "UnityShader", "C#", "Markdown", "XML", "comment", "blank", "total"
"c:\Users\danie\Desktop\symfonia-mistrzow-game\Assets\ManyStufs\OneSidedSprite.shader", "UnityShader", 0, 40, 0, 0, 0, 1, 5, 46
"c:\Users\danie\Desktop\symfonia-mistrzow-game\Assets\Packages\Microsoft.Bcl.AsyncInterfaces.6.0.0\Microsoft.Bcl.AsyncInterfaces.nuspec", "XML", 0, 0, 0, 0, 30, 0, 1, 31
"c:\Users\danie\Desktop\symfonia-mistrzow-game\Assets\Packages\Microsoft.Bcl.AsyncInterfaces.6.0.0\lib\netstandard2.1\Microsoft.Bcl.AsyncInterfaces.xml", "XML", 0, 0, 0, 0, 8, 0, 1, 9
"c:\Users\danie\Desktop\symfonia-mistrzow-game\Assets\Packages\Microsoft.Bcl.TimeProvider.8.0.0\Microsoft.Bcl.TimeProvider.nuspec", "XML", 0, 0, 0, 0, 31, 0, 1, 32
"c:\Users\danie\Desktop\symfonia-mistrzow-game\Assets\Packages\Microsoft.Bcl.TimeProvider.8.0.0\PACKAGE.md", "Markdown", 0, 0, 0, 40, 0, 0, 17, 57
"c:\Users\danie\Desktop\symfonia-mistrzow-game\Assets\Packages\Microsoft.Bcl.TimeProvider.8.0.0\buildTransitive\net461\Microsoft.Bcl.TimeProvider.targets", "XML", 0, 0, 0, 0, 6, 0, 1, 7
"c:\Users\danie\Desktop\symfonia-mistrzow-game\Assets\Packages\Microsoft.Bcl.TimeProvider.8.0.0\buildTransitive\netcoreapp2.0\Microsoft.Bcl.TimeProvider.targets", "XML", 0, 0, 0, 0, 6, 0, 1, 7
"c:\Users\danie\Desktop\symfonia-mistrzow-game\Assets\Packages\Microsoft.Bcl.TimeProvider.8.0.0\lib\netstandard2.0\Microsoft.Bcl.TimeProvider.xml", "XML", 0, 0, 0, 0, 415, 0, 1, 416
"c:\Users\danie\Desktop\symfonia-mistrzow-game\Assets\Packages\ObservableCollections.3.3.3\ObservableCollections.nuspec", "XML", 0, 0, 0, 0, 27, 0, 0, 27
"c:\Users\danie\Desktop\symfonia-mistrzow-game\Assets\Packages\ObservableCollections.3.3.3\lib\netstandard2.1\ObservableCollections.xml", "XML", 0, 0, 0, 0, 389, 0, 3, 392
"c:\Users\danie\Desktop\symfonia-mistrzow-game\Assets\Packages\ObservableCollections.R3.3.3.3\ObservableCollections.R3.nuspec", "XML", 0, 0, 0, 0, 34, 0, 0, 34
"c:\Users\danie\Desktop\symfonia-mistrzow-game\Assets\Packages\ObservableCollections.R3.3.3.3\lib\netstandard2.1\ObservableCollections.R3.xml", "XML", 0, 0, 0, 0, 350, 0, 3, 353
"c:\Users\danie\Desktop\symfonia-mistrzow-game\Assets\Packages\R3.1.3.0\R3.nuspec", "XML", 0, 0, 0, 0, 36, 0, 0, 36
"c:\Users\danie\Desktop\symfonia-mistrzow-game\Assets\Packages\R3.1.3.0\lib\netstandard2.1\R3.xml", "XML", 0, 0, 0, 0, 444, 0, 3, 447
"c:\Users\danie\Desktop\symfonia-mistrzow-game\Assets\Packages\System.ComponentModel.Annotations.5.0.0\System.ComponentModel.Annotations.nuspec", "XML", 0, 0, 0, 0, 68, 0, 2, 70
"c:\Users\danie\Desktop\symfonia-mistrzow-game\Assets\Packages\System.ComponentModel.Annotations.5.0.0\lib\netstandard2.1\System.ComponentModel.Annotations.xml", "XML", 0, 0, 0, 0, 1201, 0, 9, 1210
"c:\Users\danie\Desktop\symfonia-mistrzow-game\Assets\Packages\System.Runtime.CompilerServices.Unsafe.6.0.0\System.Runtime.CompilerServices.Unsafe.nuspec", "XML", 0, 0, 0, 0, 28, 0, 1, 29
"c:\Users\danie\Desktop\symfonia-mistrzow-game\Assets\Packages\System.Runtime.CompilerServices.Unsafe.6.0.0\buildTransitive\netcoreapp2.0\System.Runtime.CompilerServices.Unsafe.targets", "XML", 0, 0, 0, 0, 6, 0, 1, 7
"c:\Users\danie\Desktop\symfonia-mistrzow-game\Assets\Packages\System.Runtime.CompilerServices.Unsafe.6.0.0\lib\netstandard2.0\System.Runtime.CompilerServices.Unsafe.xml", "XML", 0, 0, 0, 0, 289, 0, 2, 291
"c:\Users\danie\Desktop\symfonia-mistrzow-game\Assets\Packages\System.Threading.Channels.8.0.0\PACKAGE.md", "Markdown", 0, 0, 0, 48, 0, 0, 25, 73
"c:\Users\danie\Desktop\symfonia-mistrzow-game\Assets\Packages\System.Threading.Channels.8.0.0\System.Threading.Channels.nuspec", "XML", 0, 0, 0, 0, 33, 0, 1, 34
"c:\Users\danie\Desktop\symfonia-mistrzow-game\Assets\Packages\System.Threading.Channels.8.0.0\buildTransitive\net461\System.Threading.Channels.targets", "XML", 0, 0, 0, 0, 6, 0, 1, 7
"c:\Users\danie\Desktop\symfonia-mistrzow-game\Assets\Packages\System.Threading.Channels.8.0.0\buildTransitive\netcoreapp2.0\System.Threading.Channels.targets", "XML", 0, 0, 0, 0, 6, 0, 1, 7
"c:\Users\danie\Desktop\symfonia-mistrzow-game\Assets\Packages\System.Threading.Channels.8.0.0\lib\netstandard2.1\System.Threading.Channels.xml", "XML", 0, 0, 0, 0, 243, 0, 0, 243
"c:\Users\danie\Desktop\symfonia-mistrzow-game\Assets\Plugins\Demigiant\DOTweenPro\DOTweenAnimation.cs", "C#", 0, 0, 677, 0, 0, 167, 74, 918
"c:\Users\danie\Desktop\symfonia-mistrzow-game\Assets\Plugins\Demigiant\DOTweenPro\DOTweenDeAudio.cs", "C#", 0, 0, 2, 0, 0, 5, 3, 10
"c:\Users\danie\Desktop\symfonia-mistrzow-game\Assets\Plugins\Demigiant\DOTweenPro\DOTweenDeUnityExtended.cs", "C#", 0, 0, 2, 0, 0, 5, 3, 10
"c:\Users\danie\Desktop\symfonia-mistrzow-game\Assets\Plugins\Demigiant\DOTweenPro\DOTweenPro.Scripts.asmdef", "JSON", 6, 0, 0, 0, 0, 0, 1, 7
"c:\Users\danie\Desktop\symfonia-mistrzow-game\Assets\Plugins\Demigiant\DOTweenPro\DOTweenProShortcuts.cs", "C#", 0, 0, 55, 0, 0, 21, 15, 91
"c:\Users\danie\Desktop\symfonia-mistrzow-game\Assets\Plugins\Demigiant\DOTweenPro\DOTweenTextMeshPro.cs", "C#", 0, 0, 674, 0, 0, 279, 85, 1038
"c:\Users\danie\Desktop\symfonia-mistrzow-game\Assets\Plugins\Demigiant\DOTweenPro\DOTweenTk2d.cs", "C#", 0, 0, 160, 0, 0, 70, 18, 248
"c:\Users\danie\Desktop\symfonia-mistrzow-game\Assets\Plugins\Demigiant\DOTweenPro\Editor\DOTweenAnimationInspector.cs", "C#", 0, 0, 684, 0, 0, 25, 56, 765
"c:\Users\danie\Desktop\symfonia-mistrzow-game\Assets\Plugins\Demigiant\DOTweenPro\Editor\DOTweenPreviewManager.cs", "C#", 0, 0, 218, 0, 0, 17, 31, 266
"c:\Users\danie\Desktop\symfonia-mistrzow-game\Assets\Plugins\Demigiant\DOTweenPro\Editor\DOTweenPro.EditorScripts.asmdef", "JSON", 11, 0, 0, 0, 0, 0, 1, 12
"c:\Users\danie\Desktop\symfonia-mistrzow-game\Assets\Plugins\Demigiant\DOTween\Modules\DOTween.Modules.asmdef", "JSON", 3, 0, 0, 0, 0, 0, 1, 4
"c:\Users\danie\Desktop\symfonia-mistrzow-game\Assets\Plugins\Demigiant\DOTween\Modules\DOTweenModuleAudio.cs", "C#", 0, 0, 94, 0, 0, 80, 25, 199
"c:\Users\danie\Desktop\symfonia-mistrzow-game\Assets\Plugins\Demigiant\DOTween\Modules\DOTweenModuleEPOOutline.cs", "C#", 0, 0, 109, 0, 0, 18, 20, 147
"c:\Users\danie\Desktop\symfonia-mistrzow-game\Assets\Plugins\Demigiant\DOTween\Modules\DOTweenModulePhysics.cs", "C#", 0, 0, 137, 0, 0, 60, 20, 217
"c:\Users\danie\Desktop\symfonia-mistrzow-game\Assets\Plugins\Demigiant\DOTween\Modules\DOTweenModulePhysics2D.cs", "C#", 0, 0, 125, 0, 0, 51, 18, 194
"c:\Users\danie\Desktop\symfonia-mistrzow-game\Assets\Plugins\Demigiant\DOTween\Modules\DOTweenModuleSprite.cs", "C#", 0, 0, 63, 0, 0, 17, 14, 94
"c:\Users\danie\Desktop\symfonia-mistrzow-game\Assets\Plugins\Demigiant\DOTween\Modules\DOTweenModuleUI.cs", "C#", 0, 0, 390, 0, 0, 203, 70, 663
"c:\Users\danie\Desktop\symfonia-mistrzow-game\Assets\Plugins\Demigiant\DOTween\Modules\DOTweenModuleUnityVersion.cs", "C#", 0, 0, 254, 0, 0, 99, 37, 390
"c:\Users\danie\Desktop\symfonia-mistrzow-game\Assets\Plugins\Demigiant\DOTween\Modules\DOTweenModuleUtils.cs", "C#", 0, 0, 123, 0, 0, 27, 18, 168
"c:\Users\danie\Desktop\symfonia-mistrzow-game\Assets\Plugins\Demigiant\DemiLib\Core\DemiLib.xml", "XML", 0, 0, 0, 0, 230, 0, 2, 232
"c:\Users\danie\Desktop\symfonia-mistrzow-game\Assets\Plugins\Demigiant\DemiLib\Core\Editor\DemiEditor.xml", "XML", 0, 0, 0, 0, 2405, 0, 1, 2406
"c:\Users\danie\Desktop\symfonia-mistrzow-game\Assets\Scripts\AnimationSequencer\PlayUIEffectTweener.cs", "C#", 0, 0, 43, 0, 0, 0, 5, 48
"c:\Users\danie\Desktop\symfonia-mistrzow-game\Assets\Scripts\AnimationSequencer\SetTargetTransformScale.cs", "C#", 0, 0, 41, 0, 0, 0, 5, 46
"c:\Users\danie\Desktop\symfonia-mistrzow-game\Assets\Scripts\Commands\Command.cs", "C#", 0, 0, 372, 0, 0, 92, 90, 554
"c:\Users\danie\Desktop\symfonia-mistrzow-game\Assets\Scripts\Commands\CommandExecutor.cs", "C#", 0, 0, 201, 0, 0, 57, 37, 295
"c:\Users\danie\Desktop\symfonia-mistrzow-game\Assets\Scripts\Commands\CommandFactory.cs", "C#", 0, 0, 105, 0, 0, 20, 31, 156
"c:\Users\danie\Desktop\symfonia-mistrzow-game\Assets\Scripts\Commands\CommandQueue.cs", "C#", 0, 0, 207, 0, 0, 44, 43, 294
"c:\Users\danie\Desktop\symfonia-mistrzow-game\Assets\Scripts\Commands\CommandQueueUsageExample.cs", "C#", 0, 0, 4, 0, 0, 279, 3, 286
"c:\Users\danie\Desktop\symfonia-mistrzow-game\Assets\Scripts\Commands\CommandService.cs", "C#", 0, 0, 175, 0, 0, 52, 38, 265
"c:\Users\danie\Desktop\symfonia-mistrzow-game\Assets\Scripts\Commands\CommandServiceDebugger.cs", "C#", 0, 0, 2, 0, 0, 189, 1, 192
"c:\Users\danie\Desktop\symfonia-mistrzow-game\Assets\Scripts\Commands\GameUICommand.cs", "C#", 0, 0, 195, 0, 0, 67, 37, 299
"c:\Users\danie\Desktop\symfonia-mistrzow-game\Assets\Scripts\Commands\ICommand.cs", "C#", 0, 0, 58, 0, 0, 39, 15, 112
"c:\Users\danie\Desktop\symfonia-mistrzow-game\Assets\Scripts\Data\MusicCardData.cs", "C#", 0, 0, 40, 0, 0, 2, 7, 49
"c:\Users\danie\Desktop\symfonia-mistrzow-game\Assets\Scripts\Data\ResourceCost.cs", "C#", 0, 0, 76, 0, 0, 3, 9, 88
"c:\Users\danie\Desktop\symfonia-mistrzow-game\Assets\Scripts\Data\ResourceType.cs", "C#", 0, 0, 12, 0, 0, 0, 2, 14
"c:\Users\danie\Desktop\symfonia-mistrzow-game\Assets\Scripts\Data\ResourceTypeExtensions.cs", "C#", 0, 0, 73, 0, 0, 4, 8, 85
"c:\Users\danie\Desktop\symfonia-mistrzow-game\Assets\Scripts\Data\ResourceTypeImages.cs", "C#", 0, 0, 10, 0, 0, 0, 2, 12
"c:\Users\danie\Desktop\symfonia-mistrzow-game\Assets\Scripts\Data\SingleResourceTypeImages.cs", "C#", 0, 0, 17, 0, 0, 0, 1, 18
"c:\Users\danie\Desktop\symfonia-mistrzow-game\Assets\Scripts\Events\AsyncEventBus.cs", "C#", 0, 0, 214, 0, 0, 17, 46, 277
"c:\Users\danie\Desktop\symfonia-mistrzow-game\Assets\Scripts\Events\AsyncEventBusUsageExample.cs", "C#", 0, 0, 92, 0, 0, 80, 20, 192
"c:\Users\danie\Desktop\symfonia-mistrzow-game\Assets\Scripts\Events\GameEvents.cs", "C#", 0, 0, 33, 0, 0, 177, 6, 216
"c:\Users\danie\Desktop\symfonia-mistrzow-game\Assets\Scripts\Events\UIEvents.cs", "C#", 0, 0, 232, 0, 0, 7, 44, 283
"c:\Users\danie\Desktop\symfonia-mistrzow-game\Assets\Scripts\Managers\GameManager.cs", "C#", 0, 0, 50, 0, 0, 12, 11, 73
"c:\Users\danie\Desktop\symfonia-mistrzow-game\Assets\Scripts\Models\BoardModel.cs", "C#", 0, 0, 351, 0, 0, 4, 70, 425
"c:\Users\danie\Desktop\symfonia-mistrzow-game\Assets\Scripts\Models\GameConfig.cs", "C#", 0, 0, 70, 0, 0, 0, 12, 82
"c:\Users\danie\Desktop\symfonia-mistrzow-game\Assets\Scripts\Models\GameModel.cs", "C#", 0, 0, 300, 0, 0, 16, 74, 390
"c:\Users\danie\Desktop\symfonia-mistrzow-game\Assets\Scripts\Models\GameState.cs", "C#", 0, 0, 16, 0, 0, 1, 5, 22
"c:\Users\danie\Desktop\symfonia-mistrzow-game\Assets\Scripts\Models\MusicCardCollectionModel.cs", "C#", 0, 0, 90, 0, 0, 4, 18, 112
"c:\Users\danie\Desktop\symfonia-mistrzow-game\Assets\Scripts\Models\MusicCardModel.cs", "C#", 0, 0, 26, 0, 0, 1, 3, 30
"c:\Users\danie\Desktop\symfonia-mistrzow-game\Assets\Scripts\Models\MusicCardRepository.cs", "C#", 0, 0, 66, 0, 0, 0, 13, 79
"c:\Users\danie\Desktop\symfonia-mistrzow-game\Assets\Scripts\Models\PlayerModel.cs", "C#", 0, 0, 55, 0, 0, 0, 16, 71
"c:\Users\danie\Desktop\symfonia-mistrzow-game\Assets\Scripts\Models\PlayerRepository.cs", "C#", 0, 0, 0, 0, 0, 0, 1, 1
"c:\Users\danie\Desktop\symfonia-mistrzow-game\Assets\Scripts\Models\ResourceCollectionModel.cs", "C#", 0, 0, 150, 0, 0, 1, 23, 174
"c:\Users\danie\Desktop\symfonia-mistrzow-game\Assets\Scripts\Models\TurnModel.cs", "C#", 0, 0, 144, 0, 0, 2, 23, 169
"c:\Users\danie\Desktop\symfonia-mistrzow-game\Assets\Scripts\ReactiveObject\ExampleReactiveClass.cs", "C#", 0, 0, 75, 0, 0, 23, 9, 107
"c:\Users\danie\Desktop\symfonia-mistrzow-game\Assets\Scripts\ReactiveObject\ReactiveObject.cs", "C#", 0, 0, 17, 0, 0, 6, 4, 27
"c:\Users\danie\Desktop\symfonia-mistrzow-game\Assets\Scripts\ReactiveObject\ReactiveObjectUsageExample.cs", "C#", 0, 0, 83, 0, 0, 12, 16, 111
"c:\Users\danie\Desktop\symfonia-mistrzow-game\Assets\Scripts\Services\BoardService.cs", "C#", 0, 0, 35, 0, 0, 0, 7, 42
"c:\Users\danie\Desktop\symfonia-mistrzow-game\Assets\Scripts\Services\PlayerService.cs", "C#", 0, 0, 19, 0, 0, 0, 3, 22
"c:\Users\danie\Desktop\symfonia-mistrzow-game\Assets\Scripts\Services\TurnService.cs", "C#", 0, 0, 228, 0, 0, 10, 54, 292
"c:\Users\danie\Desktop\symfonia-mistrzow-game\Assets\Scripts\Test\GameTestManager.cs", "C#", 0, 0, 34, 0, 0, 0, 5, 39
"c:\Users\danie\Desktop\symfonia-mistrzow-game\Assets\Scripts\UI\Board\BoardEndTurnButton\BoardEndTurnButtonPresenter.cs", "C#", 0, 0, 65, 0, 0, 0, 15, 80
"c:\Users\danie\Desktop\symfonia-mistrzow-game\Assets\Scripts\UI\Board\BoardEndTurnButton\BoardEndTurnButtonView.cs", "C#", 0, 0, 15, 0, 0, 0, 3, 18
"c:\Users\danie\Desktop\symfonia-mistrzow-game\Assets\Scripts\UI\Board\BoardEndTurnButton\BoardEndTurnButtonViewModel.cs", "C#", 0, 0, 28, 0, 0, 0, 7, 35
"c:\Users\danie\Desktop\symfonia-mistrzow-game\Assets\Scripts\UI\Board\BoardMusicCardPanel\BoardCardDeck\BoardCardDeckAnimationController.cs", "C#", 0, 0, 7, 0, 0, 0, 2, 9
"c:\Users\danie\Desktop\symfonia-mistrzow-game\Assets\Scripts\UI\Board\BoardMusicCardPanel\BoardCardDeck\BoardCardDeckPresenter.cs", "C#", 0, 0, 24, 0, 0, 0, 7, 31
"c:\Users\danie\Desktop\symfonia-mistrzow-game\Assets\Scripts\UI\Board\BoardMusicCardPanel\BoardCardDeck\BoardCardDeckView.cs", "C#", 0, 0, 8, 0, 0, 0, 1, 9
"c:\Users\danie\Desktop\symfonia-mistrzow-game\Assets\Scripts\UI\Board\BoardMusicCardPanel\BoardCardDeck\BoardCardDeckViewModel.cs", "C#", 0, 0, 6, 0, 0, 0, 1, 7
"c:\Users\danie\Desktop\symfonia-mistrzow-game\Assets\Scripts\UI\Board\BoardMusicCardPanel\BoardMusicCardPanelPresenter.cs", "C#", 0, 0, 109, 0, 0, 7, 27, 143
"c:\Users\danie\Desktop\symfonia-mistrzow-game\Assets\Scripts\UI\Board\BoardMusicCardPanel\BoardMusicCardPanelView.cs", "C#", 0, 0, 21, 0, 0, 0, 4, 25
"c:\Users\danie\Desktop\symfonia-mistrzow-game\Assets\Scripts\UI\Board\BoardMusicCardPanel\BoardMusicCardPanelViewModel.cs", "C#", 0, 0, 6, 0, 0, 0, 1, 7
"c:\Users\danie\Desktop\symfonia-mistrzow-game\Assets\Scripts\UI\Board\BoardMusicCardPanel\BoardMusicCard\BoardMusicCardAnimationController.cs", "C#", 0, 0, 59, 0, 0, 10, 17, 86
"c:\Users\danie\Desktop\symfonia-mistrzow-game\Assets\Scripts\UI\Board\BoardMusicCardPanel\BoardMusicCard\BoardMusicCardPresenter.cs", "C#", 0, 0, 149, 0, 0, 25, 37, 211
"c:\Users\danie\Desktop\symfonia-mistrzow-game\Assets\Scripts\UI\Board\BoardMusicCardPanel\BoardMusicCard\BoardMusicCardView.cs", "C#", 0, 0, 55, 0, 0, 2, 11, 68
"c:\Users\danie\Desktop\symfonia-mistrzow-game\Assets\Scripts\UI\Board\BoardMusicCardPanel\BoardMusicCard\BoardMusicCardViewModel.cs", "C#", 0, 0, 147, 0, 0, 0, 27, 174
"c:\Users\danie\Desktop\symfonia-mistrzow-game\Assets\Scripts\UI\Board\BoardMusicCardPanel\BoardMusicCard\MusicCardCostView.cs", "C#", 0, 0, 21, 0, 0, 0, 2, 23
"c:\Users\danie\Desktop\symfonia-mistrzow-game\Assets\Scripts\UI\Board\BoardMusicCardPanel\BoardMusicCard\MusicCardSingleCostView.cs", "C#", 0, 0, 19, 0, 0, 0, 1, 20
"c:\Users\danie\Desktop\symfonia-mistrzow-game\Assets\Scripts\UI\Board\BoardPlayerPanel\BoardPlayersPanelPresenter.cs", "C#", 0, 0, 101, 0, 0, 0, 14, 115
"c:\Users\danie\Desktop\symfonia-mistrzow-game\Assets\Scripts\UI\Board\BoardPlayerPanel\BoardPlayersPanelView.cs", "C#", 0, 0, 36, 0, 0, 0, 9, 45
"c:\Users\danie\Desktop\symfonia-mistrzow-game\Assets\Scripts\UI\Board\BoardPlayerPanel\BoardPlayersPanelViewModel.cs", "C#", 0, 0, 38, 0, 0, 0, 6, 44
"c:\Users\danie\Desktop\symfonia-mistrzow-game\Assets\Scripts\UI\Board\BoardPresenter.cs", "C#", 0, 0, 73, 0, 0, 1, 13, 87
"c:\Users\danie\Desktop\symfonia-mistrzow-game\Assets\Scripts\UI\Board\BoardToken\BoardTokenChangeValueAnimation.cs", "C#", 0, 0, 7, 0, 0, 0, 2, 9
"c:\Users\danie\Desktop\symfonia-mistrzow-game\Assets\Scripts\UI\Board\BoardToken\BoardTokenEntryAnimation.cs", "C#", 0, 0, 71, 0, 0, 10, 20, 101
"c:\Users\danie\Desktop\symfonia-mistrzow-game\Assets\Scripts\UI\Board\BoardToken\BoardTokenPresenter.cs", "C#", 0, 0, 153, 0, 0, 5, 34, 192
"c:\Users\danie\Desktop\symfonia-mistrzow-game\Assets\Scripts\UI\Board\BoardToken\BoardTokenViewModel.cs", "C#", 0, 0, 146, 0, 0, 1, 28, 175
"c:\Users\danie\Desktop\symfonia-mistrzow-game\Assets\Scripts\UI\Board\BoardView.cs", "C#", 0, 0, 19, 0, 0, 0, 1, 20
"c:\Users\danie\Desktop\symfonia-mistrzow-game\Assets\Scripts\UI\Board\BoardViewModel.cs", "C#", 0, 0, 6, 0, 0, 0, 1, 7
"c:\Users\danie\Desktop\symfonia-mistrzow-game\Assets\Scripts\UI\CardPurchaseWindow\CardPurchaseSingleToken\CardPurchaseSingleTokenPresenter.cs", "C#", 0, 0, 109, 0, 0, 0, 17, 126
"c:\Users\danie\Desktop\symfonia-mistrzow-game\Assets\Scripts\UI\CardPurchaseWindow\CardPurchaseSingleToken\CardPurchaseSingleTokenView.cs", "C#", 0, 0, 40, 0, 0, 0, 7, 47
"c:\Users\danie\Desktop\symfonia-mistrzow-game\Assets\Scripts\UI\CardPurchaseWindow\CardPurchaseSingleToken\CardPurchaseSingleTokenViewModel.cs", "C#", 0, 0, 36, 0, 0, 0, 6, 42
"c:\Users\danie\Desktop\symfonia-mistrzow-game\Assets\Scripts\UI\CardPurchaseWindow\CardPurchaseSingleToken\CardPurchaseTokenElement.cs", "C#", 0, 0, 14, 0, 0, 0, 2, 16
"c:\Users\danie\Desktop\symfonia-mistrzow-game\Assets\Scripts\UI\CardPurchaseWindow\CardPurchaseWindowPresenter.cs", "C#", 0, 0, 103, 0, 0, 0, 19, 122
"c:\Users\danie\Desktop\symfonia-mistrzow-game\Assets\Scripts\UI\CardPurchaseWindow\CardPurchaseWindowView.cs", "C#", 0, 0, 38, 0, 0, 0, 8, 46
"c:\Users\danie\Desktop\symfonia-mistrzow-game\Assets\Scripts\UI\CardPurchaseWindow\CardPurchaseWindowViewModel.cs", "C#", 0, 0, 27, 0, 0, 0, 4, 31
"c:\Users\danie\Desktop\symfonia-mistrzow-game\Assets\Scripts\UI\Elements\ButtonElement.cs", "C#", 0, 0, 56, 0, 0, 7, 19, 82
"c:\Users\danie\Desktop\symfonia-mistrzow-game\Assets\Scripts\UI\Elements\UniversalPlayerResourceElement.cs", "C#", 0, 0, 31, 0, 0, 0, 6, 37
"c:\Users\danie\Desktop\symfonia-mistrzow-game\Assets\Scripts\UI\Elements\UniversalTokenElement.cs", "C#", 0, 0, 41, 0, 0, 0, 10, 51
"c:\Users\danie\Desktop\symfonia-mistrzow-game\Assets\Scripts\UI\Elements\ValueChangeAnimationController.cs", "C#", 0, 0, 47, 0, 0, 0, 8, 55
"c:\Users\danie\Desktop\symfonia-mistrzow-game\Assets\Scripts\UI\GameWindow\GameWindowPresenter.cs", "C#", 0, 0, 75, 0, 0, 4, 13, 92
"c:\Users\danie\Desktop\symfonia-mistrzow-game\Assets\Scripts\UI\GameWindow\GameWindowView.cs", "C#", 0, 0, 28, 0, 0, 0, 1, 29
"c:\Users\danie\Desktop\symfonia-mistrzow-game\Assets\Scripts\UI\GameWindow\GameWindowViewModel.cs", "C#", 0, 0, 6, 0, 0, 0, 1, 7
"c:\Users\danie\Desktop\symfonia-mistrzow-game\Assets\Scripts\UI\MusicCardDetailsPanel\DetailsMusicCardView.cs", "C#", 0, 0, 35, 0, 0, 0, 4, 39
"c:\Users\danie\Desktop\symfonia-mistrzow-game\Assets\Scripts\UI\MusicCardDetailsPanel\MusicCardDetailsPanelCloseAnimation.cs", "C#", 0, 0, 160, 0, 0, 34, 43, 237
"c:\Users\danie\Desktop\symfonia-mistrzow-game\Assets\Scripts\UI\MusicCardDetailsPanel\MusicCardDetailsPanelOpenAnimation.cs", "C#", 0, 0, 174, 0, 0, 35, 47, 256
"c:\Users\danie\Desktop\symfonia-mistrzow-game\Assets\Scripts\UI\MusicCardDetailsPanel\MusicCardDetailsPanelPresenter.cs", "C#", 0, 0, 96, 0, 0, 2, 20, 118
"c:\Users\danie\Desktop\symfonia-mistrzow-game\Assets\Scripts\UI\MusicCardDetailsPanel\MusicCardDetailsPanelView.cs", "C#", 0, 0, 61, 0, 0, 10, 7, 78
"c:\Users\danie\Desktop\symfonia-mistrzow-game\Assets\Scripts\UI\MusicCardDetailsPanel\MusicCardDetailsPanelViewModel.cs", "C#", 0, 0, 115, 0, 0, 0, 25, 140
"c:\Users\danie\Desktop\symfonia-mistrzow-game\Assets\Scripts\UI\PlayerResourcesWindow\PlayerResourcesWindowPresenter.cs", "C#", 0, 0, 57, 0, 0, 0, 12, 69
"c:\Users\danie\Desktop\symfonia-mistrzow-game\Assets\Scripts\UI\PlayerResourcesWindow\PlayerResourcesWindowView.cs", "C#", 0, 0, 59, 0, 0, 0, 12, 71
"c:\Users\danie\Desktop\symfonia-mistrzow-game\Assets\Scripts\UI\PlayerResourcesWindow\PlayerResourcesWindowViewModel.cs", "C#", 0, 0, 0, 0, 0, 0, 1, 1
"c:\Users\danie\Desktop\symfonia-mistrzow-game\Assets\Scripts\UI\ReturnTokenWindow\ReturnTokenAllTokenCountElement.cs", "C#", 0, 0, 23, 0, 0, 0, 2, 25
"c:\Users\danie\Desktop\symfonia-mistrzow-game\Assets\Scripts\UI\ReturnTokenWindow\ReturnTokenSelectedPanel\ReturnTokenSelectedPanelPresenter.cs", "C#", 0, 0, 122, 0, 0, 0, 17, 139
"c:\Users\danie\Desktop\symfonia-mistrzow-game\Assets\Scripts\UI\ReturnTokenWindow\ReturnTokenSelectedPanel\ReturnTokenSelectedPanelView.cs", "C#", 0, 0, 69, 0, 0, 0, 12, 81
"c:\Users\danie\Desktop\symfonia-mistrzow-game\Assets\Scripts\UI\ReturnTokenWindow\ReturnTokenSelectedPanel\ReturnTokenSelectedPanelViewModel.cs", "C#", 0, 0, 90, 0, 0, 0, 17, 107
"c:\Users\danie\Desktop\symfonia-mistrzow-game\Assets\Scripts\UI\ReturnTokenWindow\ReturnTokenSinglePlayerToken\ReturnTokenSinglePlayerTokenPresenter.cs", "C#", 0, 0, 101, 0, 0, 0, 17, 118
"c:\Users\danie\Desktop\symfonia-mistrzow-game\Assets\Scripts\UI\ReturnTokenWindow\ReturnTokenSinglePlayerToken\ReturnTokenSinglePlayerTokenView.cs", "C#", 0, 0, 25, 0, 0, 0, 4, 29
"c:\Users\danie\Desktop\symfonia-mistrzow-game\Assets\Scripts\UI\ReturnTokenWindow\ReturnTokenSinglePlayerToken\ReturnTokenSinglePlayerTokenViewModel.cs", "C#", 0, 0, 52, 0, 0, 0, 10, 62
"c:\Users\danie\Desktop\symfonia-mistrzow-game\Assets\Scripts\UI\ReturnTokenWindow\ReturnTokenWindowPresenter.cs", "C#", 0, 0, 110, 0, 0, 0, 15, 125
"c:\Users\danie\Desktop\symfonia-mistrzow-game\Assets\Scripts\UI\ReturnTokenWindow\ReturnTokenWindowView.cs", "C#", 0, 0, 38, 0, 0, 0, 5, 43
"c:\Users\danie\Desktop\symfonia-mistrzow-game\Assets\Scripts\UI\ReturnTokenWindow\ReturnTokenWindowViewModel.cs", "C#", 0, 0, 40, 0, 0, 0, 7, 47
"c:\Users\danie\Desktop\symfonia-mistrzow-game\Assets\Scripts\UI\SelectTokenWindow\ChoosenBoardTokenPanel\ChoosenBoardTokenPanelPresenter.cs", "C#", 0, 0, 124, 0, 0, 0, 18, 142
"c:\Users\danie\Desktop\symfonia-mistrzow-game\Assets\Scripts\UI\SelectTokenWindow\ChoosenBoardTokenPanel\ChoosenBoardTokenPanelView.cs", "C#", 0, 0, 68, 0, 0, 0, 12, 80
"c:\Users\danie\Desktop\symfonia-mistrzow-game\Assets\Scripts\UI\SelectTokenWindow\ChoosenBoardTokenPanel\ChoosenBoardTokenPanelViewModel.cs", "C#", 0, 0, 91, 0, 0, 0, 17, 108
"c:\Users\danie\Desktop\symfonia-mistrzow-game\Assets\Scripts\UI\SelectTokenWindow\ChoosenBoardTokenPanel\ChoosenSingleBoardTokenView.cs", "C#", 0, 0, 21, 0, 0, 0, 4, 25
"c:\Users\danie\Desktop\symfonia-mistrzow-game\Assets\Scripts\UI\SelectTokenWindow\SelectBoardTokenPanel\SelectBoardTokenPanelPresenter.cs", "C#", 0, 0, 81, 0, 0, 0, 18, 99
"c:\Users\danie\Desktop\symfonia-mistrzow-game\Assets\Scripts\UI\SelectTokenWindow\SelectBoardTokenPanel\SelectBoardTokenPanelView.cs", "C#", 0, 0, 10, 0, 0, 0, 1, 11
"c:\Users\danie\Desktop\symfonia-mistrzow-game\Assets\Scripts\UI\SelectTokenWindow\SelectBoardTokenPanel\SelectBoardTokenPanelViewModel.cs", "C#", 0, 0, 26, 0, 0, 0, 5, 31
"c:\Users\danie\Desktop\symfonia-mistrzow-game\Assets\Scripts\UI\SelectTokenWindow\SelectBoardTokenPanel\SelectSingleToken\SelectSingleTokenPresenter.cs", "C#", 0, 0, 120, 0, 0, 1, 17, 138
"c:\Users\danie\Desktop\symfonia-mistrzow-game\Assets\Scripts\UI\SelectTokenWindow\SelectBoardTokenPanel\SelectSingleToken\SelectSingleTokenView.cs", "C#", 0, 0, 56, 0, 0, 6, 11, 73
"c:\Users\danie\Desktop\symfonia-mistrzow-game\Assets\Scripts\UI\SelectTokenWindow\SelectBoardTokenPanel\SelectSingleToken\SelectSingleTokenViewModel.cs", "C#", 0, 0, 67, 0, 0, 0, 12, 79
"c:\Users\danie\Desktop\symfonia-mistrzow-game\Assets\Scripts\UI\SelectTokenWindow\SelectTokenWindowPresenter.cs", "C#", 0, 0, 109, 0, 0, 1, 20, 130
"c:\Users\danie\Desktop\symfonia-mistrzow-game\Assets\Scripts\UI\SelectTokenWindow\SelectTokenWindowView.cs", "C#", 0, 0, 45, 0, 0, 0, 7, 52
"c:\Users\danie\Desktop\symfonia-mistrzow-game\Assets\Scripts\UI\SelectTokenWindow\SelectTokenWindowViewModel.cs", "C#", 0, 0, 55, 0, 0, 0, 11, 66
"c:\Users\danie\Desktop\symfonia-mistrzow-game\Assets\Scripts\UI\StartTurnWindow\StartTurnWindowPresenter.cs", "C#", 0, 0, 87, 0, 0, 0, 14, 101
"c:\Users\danie\Desktop\symfonia-mistrzow-game\Assets\Scripts\UI\StartTurnWindow\StartTurnWindowView.cs", "C#", 0, 0, 34, 0, 0, 0, 7, 41
"c:\Users\danie\Desktop\symfonia-mistrzow-game\Assets\Scripts\UI\StartTurnWindow\StartTurnWindowViewModel.cs", "C#", 0, 0, 37, 0, 0, 0, 8, 45
"c:\Users\danie\Desktop\symfonia-mistrzow-game\Assets\Shaders\UISolidColorShader.shader", "UnityShader", 0, 48, 0, 0, 0, 0, 8, 56
"c:\Users\danie\Desktop\symfonia-mistrzow-game\Assets\TextMesh Pro\Shaders\SDFFunctions.hlsl", "UnityShader", 0, 130, 0, 0, 0, 18, 31, 179
"c:\Users\danie\Desktop\symfonia-mistrzow-game\Assets\TextMesh Pro\Shaders\TMP_Bitmap-Custom-Atlas.shader", "UnityShader", 0, 113, 0, 0, 0, 2, 31, 146
"c:\Users\danie\Desktop\symfonia-mistrzow-game\Assets\TextMesh Pro\Shaders\TMP_Bitmap-Mobile.shader", "UnityShader", 0, 123, 0, 0, 0, 3, 30, 156
"c:\Users\danie\Desktop\symfonia-mistrzow-game\Assets\TextMesh Pro\Shaders\TMP_Bitmap.shader", "UnityShader", 0, 113, 0, 0, 0, 2, 31, 146
"c:\Users\danie\Desktop\symfonia-mistrzow-game\Assets\TextMesh Pro\Shaders\TMP_SDF Overlay.shader", "UnityShader", 0, 253, 0, 0, 0, 4, 70, 327
"c:\Users\danie\Desktop\symfonia-mistrzow-game\Assets\TextMesh Pro\Shaders\TMP_SDF SSD.shader", "UnityShader", 0, 253, 0, 0, 0, 4, 65, 322
"c:\Users\danie\Desktop\symfonia-mistrzow-game\Assets\TextMesh Pro\Shaders\TMP_SDF-Mobile Masking.shader", "UnityShader", 0, 198, 0, 0, 0, 10, 51, 259
"c:\Users\danie\Desktop\symfonia-mistrzow-game\Assets\TextMesh Pro\Shaders\TMP_SDF-Mobile Overlay.shader", "UnityShader", 0, 193, 0, 0, 0, 8, 52, 253
"c:\Users\danie\Desktop\symfonia-mistrzow-game\Assets\TextMesh Pro\Shaders\TMP_SDF-Mobile SSD.shader", "UnityShader", 0, 82, 0, 0, 0, 4, 21, 107
"c:\Users\danie\Desktop\symfonia-mistrzow-game\Assets\TextMesh Pro\Shaders\TMP_SDF-Mobile-2-Pass.shader", "UnityShader", 0, 290, 0, 0, 0, 15, 85, 390
"c:\Users\danie\Desktop\symfonia-mistrzow-game\Assets\TextMesh Pro\Shaders\TMP_SDF-Mobile.shader", "UnityShader", 0, 192, 0, 0, 0, 8, 51, 251
"c:\Users\danie\Desktop\symfonia-mistrzow-game\Assets\TextMesh Pro\Shaders\TMP_SDF-Surface-Mobile.shader", "UnityShader", 0, 104, 0, 0, 0, 8, 28, 140
"c:\Users\danie\Desktop\symfonia-mistrzow-game\Assets\TextMesh Pro\Shaders\TMP_SDF-Surface.shader", "UnityShader", 0, 123, 0, 0, 0, 4, 33, 160
"c:\Users\danie\Desktop\symfonia-mistrzow-game\Assets\TextMesh Pro\Shaders\TMP_SDF.shader", "UnityShader", 0, 253, 0, 0, 0, 4, 70, 327
"c:\Users\danie\Desktop\symfonia-mistrzow-game\Assets\TextMesh Pro\Shaders\TMP_Sprite.shader", "UnityShader", 0, 111, 0, 0, 0, 0, 21, 132
"c:\Users\danie\Desktop\symfonia-mistrzow-game\Assets\TextMesh Pro\Shaders\TMPro.cginc", "UnityShader", 0, 63, 0, 0, 0, 2, 20, 85
"c:\Users\danie\Desktop\symfonia-mistrzow-game\Assets\TextMesh Pro\Shaders\TMPro_Mobile.cginc", "UnityShader", 0, 129, 0, 0, 0, 2, 35, 166
"c:\Users\danie\Desktop\symfonia-mistrzow-game\Assets\TextMesh Pro\Shaders\TMPro_Properties.cginc", "UnityShader", 0, 62, 0, 0, 0, 6, 13, 81
"c:\Users\danie\Desktop\symfonia-mistrzow-game\Assets\TextMesh Pro\Shaders\TMPro_Surface.cginc", "UnityShader", 0, 75, 0, 0, 0, 7, 18, 100
"c:\Users\danie\Desktop\symfonia-mistrzow-game\Assets\TextMesh Pro\Sprites\EmojiOne.json", "JSON", 155, 0, 0, 0, 0, 0, 2, 157
"Total", "-", 175, 2948, 12276, 88, 6291, 2638, 3047, 27463