"filename", "language", "C#", "comment", "blank", "total"
"c:\Users\danie\Desktop\symfonia-mistrzow-game\Assets\Scripts\Commands\Command.cs", "C#", 24, 0, 7, 31
"c:\Users\danie\Desktop\symfonia-mistrzow-game\Assets\Scripts\Commands\CommandFactory.cs", "C#", 5, 0, 1, 6
"c:\Users\danie\Desktop\symfonia-mistrzow-game\Assets\Scripts\Commands\CommandService.cs", "C#", 3, 0, 1, 4
"c:\Users\danie\Desktop\symfonia-mistrzow-game\Assets\Scripts\Commands\ICommand.cs", "C#", 2, 0, 0, 2
"c:\Users\danie\Desktop\symfonia-mistrzow-game\Assets\Scripts\Events\GameEvents.cs", "C#", 0, 0, -1, -1
"c:\Users\danie\Desktop\symfonia-mistrzow-game\Assets\Scripts\Events\UIEvents.cs", "C#", 10, 1, 2, 13
"c:\Users\danie\Desktop\symfonia-mistrzow-game\Assets\Scripts\Managers\GameManager.cs", "C#", 0, 1, 0, 1
"c:\Users\danie\Desktop\symfonia-mistrzow-game\Assets\Scripts\Models\GameModel.cs", "C#", 4, 0, 1, 5
"c:\Users\danie\Desktop\symfonia-mistrzow-game\Assets\Scripts\Services\TurnService.cs", "C#", -4, 0, -1, -5
"c:\Users\danie\Desktop\symfonia-mistrzow-game\Assets\Scripts\UI\Board\BoardPlayersPanel\BoardPlayersPanelPresenter.cs", "C#", 32, 0, 4, 36
"c:\Users\danie\Desktop\symfonia-mistrzow-game\Assets\Scripts\UI\Board\BoardPlayersPanel\BoardPlayersPanelView.cs", "C#", 3, 0, 0, 3
"c:\Users\danie\Desktop\symfonia-mistrzow-game\Assets\Scripts\UI\Board\BoardPlayersPanel\BoardSinglePlayer\BoardSinglePlayerPresenter.cs", "C#", 3, 0, 0, 3
"c:\Users\danie\Desktop\symfonia-mistrzow-game\Assets\Scripts\UI\Board\BoardPlayersPanel\BoardSinglePlayer\BoardSinglePlayerViewModel.cs", "C#", 1, 0, 0, 1
"c:\Users\danie\Desktop\symfonia-mistrzow-game\Assets\Scripts\UI\Board\BoardPresenter.cs", "C#", 4, 0, 0, 4
"c:\Users\danie\Desktop\symfonia-mistrzow-game\Assets\Scripts\UI\Board\BoardView.cs", "C#", 3, 0, -1, 2
"c:\Users\danie\Desktop\symfonia-mistrzow-game\Assets\Scripts\UI\GameWindow\GameWindowPresenter.cs", "C#", 3, 0, 0, 3
"c:\Users\danie\Desktop\symfonia-mistrzow-game\Assets\Scripts\UI\GameWindow\GameWindowView.cs", "C#", 3, 0, 0, 3
"c:\Users\danie\Desktop\symfonia-mistrzow-game\Assets\Scripts\UI\StartTurnWindow\StartTurnWindowPresenter.cs", "C#", 85, 0, 14, 99
"c:\Users\danie\Desktop\symfonia-mistrzow-game\Assets\Scripts\UI\StartTurnWindow\StartTurnWindowView.cs", "C#", 21, 0, 4, 25
"c:\Users\danie\Desktop\symfonia-mistrzow-game\Assets\Scripts\UI\StartTurnWindow\StartTurnWindowViewModel.cs", "C#", 27, 0, 6, 33
"Total", "-", 229, 2, 37, 268