"filename", "language", "C#", "comment", "blank", "total"
"c:\Users\danie\Desktop\symfonia-mistrzow-game\Assets\Scripts\AnimationSequencer\PlayUIEffectTweener.cs", "C#", 43, 0, 5, 48
"c:\Users\danie\Desktop\symfonia-mistrzow-game\Assets\Scripts\AnimationSequencer\SetTargetTransformScale.cs", "C#", 41, 0, 5, 46
"c:\Users\danie\Desktop\symfonia-mistrzow-game\Assets\Scripts\Commands\Command.cs", "C#", 58, 1, 13, 72
"c:\Users\danie\Desktop\symfonia-mistrzow-game\Assets\Scripts\Commands\CommandFactory.cs", "C#", 16, 1, 5, 22
"c:\Users\danie\Desktop\symfonia-mistrzow-game\Assets\Scripts\Commands\GameUICommand.cs", "C#", 47, 0, 9, 56
"c:\Users\danie\Desktop\symfonia-mistrzow-game\Assets\Scripts\Data\ResourceCost.cs", "C#", 6, 0, 1, 7
"c:\Users\danie\Desktop\symfonia-mistrzow-game\Assets\Scripts\Events\UIEvents.cs", "C#", 42, 1, 7, 50
"c:\Users\danie\Desktop\symfonia-mistrzow-game\Assets\Scripts\Models\ResourceCollectionModel.cs", "C#", 30, 0, 5, 35
"c:\Users\danie\Desktop\symfonia-mistrzow-game\Assets\Scripts\Models\TurnModel.cs", "C#", 1, 0, 1, 2
"c:\Users\danie\Desktop\symfonia-mistrzow-game\Assets\Scripts\Services\TurnService.cs", "C#", 53, 1, 11, 65
"c:\Users\danie\Desktop\symfonia-mistrzow-game\Assets\Scripts\UI\CardPurchaseWindow\CardPurchaseSingleToken\CardPurchaseSingleTokenPresenter.cs", "C#", 85, 0, 14, 99
"c:\Users\danie\Desktop\symfonia-mistrzow-game\Assets\Scripts\UI\CardPurchaseWindow\CardPurchaseSingleToken\CardPurchaseSingleTokenView.cs", "C#", 33, 0, 6, 39
"c:\Users\danie\Desktop\symfonia-mistrzow-game\Assets\Scripts\UI\CardPurchaseWindow\CardPurchaseSingleToken\CardPurchaseSingleTokenViewModel.cs", "C#", 32, 0, 5, 37
"c:\Users\danie\Desktop\symfonia-mistrzow-game\Assets\Scripts\UI\CardPurchaseWindow\CardPurchaseWindowPresenter.cs", "C#", 105, 0, 19, 124
"c:\Users\danie\Desktop\symfonia-mistrzow-game\Assets\Scripts\UI\CardPurchaseWindow\CardPurchaseWindowView.cs", "C#", 38, 0, 8, 46
"c:\Users\danie\Desktop\symfonia-mistrzow-game\Assets\Scripts\UI\CardPurchaseWindow\CardPurchaseWindowViewModel.cs", "C#", 27, 0, 4, 31
"c:\Users\danie\Desktop\symfonia-mistrzow-game\Assets\Scripts\UI\Elements\ButtonElement.cs", "C#", 36, 7, 16, 59
"c:\Users\danie\Desktop\symfonia-mistrzow-game\Assets\Scripts\UI\GameWindow\GameWindowPresenter.cs", "C#", 3, 0, 0, 3
"c:\Users\danie\Desktop\symfonia-mistrzow-game\Assets\Scripts\UI\GameWindow\GameWindowView.cs", "C#", 3, 0, 0, 3
"c:\Users\danie\Desktop\symfonia-mistrzow-game\Assets\Scripts\UI\MusicCardDetailsPanel\MusicCardDetailsPanelPresenter.cs", "C#", 2, -2, 0, 0
"c:\Users\danie\Desktop\symfonia-mistrzow-game\Assets\Scripts\UI\ReturnTokenWindow\ReturnTokenAllTokenCountElement.cs", "C#", 23, 0, 2, 25
"c:\Users\danie\Desktop\symfonia-mistrzow-game\Assets\Scripts\UI\ReturnTokenWindow\ReturnTokenWindowPresenter.cs", "C#", 16, 0, 2, 18
"c:\Users\danie\Desktop\symfonia-mistrzow-game\Assets\Scripts\UI\ReturnTokenWindow\ReturnTokenWindowView.cs", "C#", 17, 0, 2, 19
"c:\Users\danie\Desktop\symfonia-mistrzow-game\Assets\Scripts\UI\ReturnTokenWindow\ReturnTokenWindowViewModel.cs", "C#", 15, 0, 3, 18
"c:\Users\danie\Desktop\symfonia-mistrzow-game\Assets\Scripts\UI\StartTurnWindow\StartTurnWindowPresenter.cs", "C#", 2, 0, 0, 2
"c:\Users\danie\Desktop\symfonia-mistrzow-game\Assets\Scripts\UI\StartTurnWindow\StartTurnWindowView.cs", "C#", 13, 0, 3, 16
"c:\Users\danie\Desktop\symfonia-mistrzow-game\Assets\Scripts\UI\StartTurnWindow\StartTurnWindowViewModel.cs", "C#", 10, 0, 2, 12
"Total", "-", 797, 9, 148, 954