"filename", "language", "C#", "comment", "blank", "total"
"c:\Users\danie\Desktop\symfonia-mistrzow-game\Assets\Scripts\Commands\Command.cs", "C#", 26, 0, 4, 30
"c:\Users\danie\Desktop\symfonia-mistrzow-game\Assets\Scripts\Commands\GameUICommand.cs", "C#", -3, 0, -2, -5
"c:\Users\danie\Desktop\symfonia-mistrzow-game\Assets\Scripts\Events\AsyncEventBus.cs", "C#", 1, 0, 0, 1
"c:\Users\danie\Desktop\symfonia-mistrzow-game\Assets\Scripts\Events\UIEvents.cs", "C#", 20, 0, 4, 24
"c:\Users\danie\Desktop\symfonia-mistrzow-game\Assets\Scripts\Models\PlayerModel.cs", "C#", 12, 0, 2, 14
"c:\Users\danie\Desktop\symfonia-mistrzow-game\Assets\Scripts\Models\TurnModel.cs", "C#", 3, 0, 0, 3
"c:\Users\danie\Desktop\symfonia-mistrzow-game\Assets\Scripts\Services\PlayerService.cs", "C#", 5, 0, 1, 6
"c:\Users\danie\Desktop\symfonia-mistrzow-game\Assets\Scripts\Services\TurnService.cs", "C#", -7, -1, 1, -7
"c:\Users\danie\Desktop\symfonia-mistrzow-game\Assets\Scripts\UI\Board\BoardCardDeck\BoardCardDeckAnimationController.cs", "C#", 23, 0, 3, 26
"c:\Users\danie\Desktop\symfonia-mistrzow-game\Assets\Scripts\UI\Board\BoardCardDeck\BoardCardDeckPresenter.cs", "C#", 46, 0, 12, 58
"c:\Users\danie\Desktop\symfonia-mistrzow-game\Assets\Scripts\UI\Board\BoardCardDeck\BoardCardDeckView.cs", "C#", 40, 0, 5, 45
"c:\Users\danie\Desktop\symfonia-mistrzow-game\Assets\Scripts\UI\Board\BoardCardDeck\BoardCardDeckViewModel.cs", "C#", 11, 0, 1, 12
"c:\Users\danie\Desktop\symfonia-mistrzow-game\Assets\Scripts\UI\Board\BoardMusicCardPanel\BoardCardDeck\BoardCardDeckAnimationController.cs", "C#", -7, 0, -2, -9
"c:\Users\danie\Desktop\symfonia-mistrzow-game\Assets\Scripts\UI\Board\BoardMusicCardPanel\BoardCardDeck\BoardCardDeckPresenter.cs", "C#", -24, 0, -7, -31
"c:\Users\danie\Desktop\symfonia-mistrzow-game\Assets\Scripts\UI\Board\BoardMusicCardPanel\BoardCardDeck\BoardCardDeckView.cs", "C#", -8, 0, -1, -9
"c:\Users\danie\Desktop\symfonia-mistrzow-game\Assets\Scripts\UI\Board\BoardMusicCardPanel\BoardCardDeck\BoardCardDeckViewModel.cs", "C#", -6, 0, -1, -7
"c:\Users\danie\Desktop\symfonia-mistrzow-game\Assets\Scripts\UI\Board\BoardMusicCardPanel\BoardMusicCardPanelPresenter.cs", "C#", -82, -3, -20, -105
"c:\Users\danie\Desktop\symfonia-mistrzow-game\Assets\Scripts\UI\Board\BoardMusicCardPanel\BoardMusicCardPanelView.cs", "C#", -21, 0, -4, -25
"c:\Users\danie\Desktop\symfonia-mistrzow-game\Assets\Scripts\UI\Board\BoardMusicCardPanel\BoardMusicCardPanelViewModel.cs", "C#", -6, 0, -1, -7
"c:\Users\danie\Desktop\symfonia-mistrzow-game\Assets\Scripts\UI\Board\BoardMusicCardPanel\BoardMusicCard\BoardMusicCardAnimationController.cs", "C#", -59, -10, -17, -86
"c:\Users\danie\Desktop\symfonia-mistrzow-game\Assets\Scripts\UI\Board\BoardMusicCardPanel\BoardMusicCard\BoardMusicCardPresenter.cs", "C#", -95, -1, -12, -108
"c:\Users\danie\Desktop\symfonia-mistrzow-game\Assets\Scripts\UI\Board\BoardMusicCardPanel\BoardMusicCard\BoardMusicCardView.cs", "C#", -36, 0, -11, -47
"c:\Users\danie\Desktop\symfonia-mistrzow-game\Assets\Scripts\UI\Board\BoardMusicCardPanel\BoardMusicCard\BoardMusicCardViewModel.cs", "C#", -23, 0, -3, -26
"c:\Users\danie\Desktop\symfonia-mistrzow-game\Assets\Scripts\UI\Board\BoardMusicCardPanel\BoardMusicCard\MusicCardCostView.cs", "C#", -21, 0, -2, -23
"c:\Users\danie\Desktop\symfonia-mistrzow-game\Assets\Scripts\UI\Board\BoardMusicCardPanel\BoardMusicCard\MusicCardSingleCostView.cs", "C#", -19, 0, -1, -20
"c:\Users\danie\Desktop\symfonia-mistrzow-game\Assets\Scripts\UI\Board\BoardMusicCard\BoardMusicCardAnimationController.cs", "C#", 59, 10, 17, 86
"c:\Users\danie\Desktop\symfonia-mistrzow-game\Assets\Scripts\UI\Board\BoardMusicCard\BoardMusicCardPresenter.cs", "C#", 111, 1, 14, 126
"c:\Users\danie\Desktop\symfonia-mistrzow-game\Assets\Scripts\UI\Board\BoardMusicCard\BoardMusicCardView.cs", "C#", 47, 0, 15, 62
"c:\Users\danie\Desktop\symfonia-mistrzow-game\Assets\Scripts\UI\Board\BoardMusicCard\BoardMusicCardViewModel.cs", "C#", 23, 0, 3, 26
"c:\Users\danie\Desktop\symfonia-mistrzow-game\Assets\Scripts\UI\Board\BoardMusicCard\MusicCardCostView.cs", "C#", 21, 0, 2, 23
"c:\Users\danie\Desktop\symfonia-mistrzow-game\Assets\Scripts\UI\Board\BoardMusicCard\MusicCardSingleCostView.cs", "C#", 19, 0, 1, 20
"c:\Users\danie\Desktop\symfonia-mistrzow-game\Assets\Scripts\UI\Board\BoardPlayerPanel\BoardPlayersPanelPresenter.cs", "C#", 9, 0, 4, 13
"c:\Users\danie\Desktop\symfonia-mistrzow-game\Assets\Scripts\UI\Board\BoardPlayerPanel\BoardPlayersPanelView.cs", "C#", 20, 0, 6, 26
"c:\Users\danie\Desktop\symfonia-mistrzow-game\Assets\Scripts\UI\Board\BoardPlayerPanel\BoardPlayersPanelViewModel.cs", "C#", -6, 0, -1, -7
"c:\Users\danie\Desktop\symfonia-mistrzow-game\Assets\Scripts\UI\Board\BoardPresenter.cs", "C#", 25, 0, 4, 29
"c:\Users\danie\Desktop\symfonia-mistrzow-game\Assets\Scripts\UI\Board\BoardView.cs", "C#", 24, 0, 7, 31
"c:\Users\danie\Desktop\symfonia-mistrzow-game\Assets\Scripts\UI\CreateGameWindow\CreateGameWindowPresenter.cs", "C#", 12, 0, 2, 14
"c:\Users\danie\Desktop\symfonia-mistrzow-game\Assets\Scripts\UI\CreatePlayerWindow\CreatePlayerWindowPresenter.cs", "C#", 0, 0, 1, 1
"c:\Users\danie\Desktop\symfonia-mistrzow-game\Assets\Scripts\UI\CreatePlayerWindow\CreatePlayerWindowView.cs", "C#", 3, 0, 4, 7
"c:\Users\danie\Desktop\symfonia-mistrzow-game\Assets\Scripts\UI\CreatePlayerWindow\PlayerImageElement.cs", "C#", 19, 0, 3, 22
"c:\Users\danie\Desktop\symfonia-mistrzow-game\Assets\Scripts\UI\MusicCardDetailsPanel\DetailsMusicCardView.cs", "C#", -22, 0, 0, -22
"c:\Users\danie\Desktop\symfonia-mistrzow-game\Assets\Scripts\UI\MusicCardDetailsPanel\MusicCArdDetailsPanelCloseForReservedAnimationController.cs", "C#", 17, 0, 4, 21
"c:\Users\danie\Desktop\symfonia-mistrzow-game\Assets\Scripts\UI\MusicCardDetailsPanel\MusicCardDetailsPanelOpenFromBoardAnimationController.cs", "C#", 28, 0, 4, 32
"c:\Users\danie\Desktop\symfonia-mistrzow-game\Assets\Scripts\UI\MusicCardDetailsPanel\MusicCardDetailsPanelPresenter.cs", "C#", -31, -2, -9, -42
"c:\Users\danie\Desktop\symfonia-mistrzow-game\Assets\Scripts\UI\MusicCardDetailsPanel\MusicCardDetailsPanelView.cs", "C#", -6, -10, 1, -15
"c:\Users\danie\Desktop\symfonia-mistrzow-game\Assets\Scripts\UI\MusicCardDetailsPanel\MusicCardDetailsPanelViewModel.cs", "C#", -91, 0, -20, -111
"c:\Users\danie\Desktop\symfonia-mistrzow-game\Assets\Scripts\UI\StartPageWindow\StartPagePresenter.cs", "C#", 12, 0, 2, 14
"c:\Users\danie\Desktop\symfonia-mistrzow-game\Assets\Scripts\UI\StartTurnWindow\StartTurnWindowPresenter.cs", "C#", -29, 0, -4, -33
"c:\Users\danie\Desktop\symfonia-mistrzow-game\Assets\Scripts\UI\StartTurnWindow\StartTurnWindowView.cs", "C#", 4, 0, 0, 4
"c:\Users\danie\Desktop\symfonia-mistrzow-game\Assets\Scripts\UI\StartTurnWindow\StartTurnWindowViewModel.cs", "C#", -37, 0, -8, -45
"Total", "-", 1, -16, 1, -14