"filename", "language", "C#", "comment", "blank", "total"
"c:\Users\danie\Desktop\symfonia-mistrzow-game\Assets\Scripts\Commands\Command.cs", "C#", 60, 1, 14, 75
"c:\Users\danie\Desktop\symfonia-mistrzow-game\Assets\Scripts\Commands\CommandFactory.cs", "C#", 12, 1, 4, 17
"c:\Users\danie\Desktop\symfonia-mistrzow-game\Assets\Scripts\Commands\CommandService.cs", "C#", 3, 0, 0, 3
"c:\Users\danie\Desktop\symfonia-mistrzow-game\Assets\Scripts\Events\UIEvents.cs", "C#", 41, 1, 7, 49
"c:\Users\danie\Desktop\symfonia-mistrzow-game\Assets\Scripts\Models\TurnModel.cs", "C#", 17, 2, 6, 25
"c:\Users\danie\Desktop\symfonia-mistrzow-game\Assets\Scripts\Services\TurnService.cs", "C#", 20, 1, 7, 28
"c:\Users\danie\Desktop\symfonia-mistrzow-game\Assets\Scripts\UI\GameWindow\GameWindowPresenter.cs", "C#", 3, 0, 0, 3
"c:\Users\danie\Desktop\symfonia-mistrzow-game\Assets\Scripts\UI\GameWindow\GameWindowView.cs", "C#", 3, 0, 0, 3
"c:\Users\danie\Desktop\symfonia-mistrzow-game\Assets\Scripts\UI\ReturnTokenWindow\ReturnTokenPlayerTokensPanel\ReturnTokenPlayerTokensPanelPresenter.cs", "C#", 13, 0, 1, 14
"c:\Users\danie\Desktop\symfonia-mistrzow-game\Assets\Scripts\UI\ReturnTokenWindow\ReturnTokenPlayerTokensPanel\ReturnTokenPlayerTokensPanelView.cs", "C#", 10, 0, 3, 13
"c:\Users\danie\Desktop\symfonia-mistrzow-game\Assets\Scripts\UI\ReturnTokenWindow\ReturnTokenPlayerTokensPanel\ReturnTokenPlayerTokensPanelViewModel.cs", "C#", 6, 0, 1, 7
"c:\Users\danie\Desktop\symfonia-mistrzow-game\Assets\Scripts\UI\ReturnTokenWindow\ReturnTokenPlayerTokensPanel\ReturnTokenSinglePlayerToken\ReturnTokenSinglePlayerTokenPresenter.cs", "C#", 102, 0, 16, 118
"c:\Users\danie\Desktop\symfonia-mistrzow-game\Assets\Scripts\UI\ReturnTokenWindow\ReturnTokenPlayerTokensPanel\ReturnTokenSinglePlayerToken\ReturnTokenSinglePlayerTokenView.cs", "C#", 25, 0, 4, 29
"c:\Users\danie\Desktop\symfonia-mistrzow-game\Assets\Scripts\UI\ReturnTokenWindow\ReturnTokenPlayerTokensPanel\ReturnTokenSinglePlayerToken\ReturnTokenSinglePlayerTokenViewModel.cs", "C#", 62, 0, 12, 74
"c:\Users\danie\Desktop\symfonia-mistrzow-game\Assets\Scripts\UI\ReturnTokenWindow\ReturnTokenSelectedPanel\ReturnTokenSelectedPanelPresenter.cs", "C#", 0, 0, 1, 1
"c:\Users\danie\Desktop\symfonia-mistrzow-game\Assets\Scripts\UI\ReturnTokenWindow\ReturnTokenSelectedPanel\ReturnTokenSelectedPanelView.cs", "C#", 0, 0, 1, 1
"c:\Users\danie\Desktop\symfonia-mistrzow-game\Assets\Scripts\UI\ReturnTokenWindow\ReturnTokenSelectedPanel\ReturnTokenSelectedPanelViewModel.cs", "C#", 0, 0, 1, 1
"c:\Users\danie\Desktop\symfonia-mistrzow-game\Assets\Scripts\UI\ReturnTokenWindow\ReturnTokenWindowPresenter.cs", "C#", 96, 0, 14, 110
"c:\Users\danie\Desktop\symfonia-mistrzow-game\Assets\Scripts\UI\ReturnTokenWindow\ReturnTokenWindowView.cs", "C#", 18, 0, 4, 22
"c:\Users\danie\Desktop\symfonia-mistrzow-game\Assets\Scripts\UI\ReturnTokenWindow\ReturnTokenWindowViewModel.cs", "C#", 25, 0, 4, 29
"Total", "-", 516, 6, 100, 622